NaCl_X  15.0 16.66 18.32 19.98 21.64 23.3 24.959999999999997 26.619999999999997 28.28 29.94 31.6 33.26 34.92 36.58 38.24 39.900000000000006 41.56 43.22 44.879999999999995 46.54 48.199999999999996 49.86 51.519999999999996 53.18000000000001 54.84 56.49999999999999 58.160000000000004 59.81999999999999 61.480000000000004 63.13999999999999 64.8 66.45999999999999 68.12 69.78
NaCl_Y  0.3314 0.3314 0.3314 0.3314 0.3314 0.3314 0.3314 0.3314 0.3314 0.3314 0.3314 0.3314 0.3314 0.3314 0.3314 0.3314 0.3314 0.3314 0.3314 0.3314 0.3314 0.3314 0.3314 0.3314 0.3314 0.3314 0.3314 0.2919 0.2777 0.2528 0.2294 0.1923 0.1268 0.03012

Na2SO4.MgSO4.4H2O_X  18.32 19.98 21.64 23.3 24.959999999999997 26.619999999999997 28.28 29.94 31.6 33.26 34.92 36.58 38.24 39.900000000000006 41.56 43.22 44.879999999999995 46.54 48.199999999999996 49.86 51.519999999999996 53.18000000000001 54.84 56.49999999999999 58.160000000000004 59.81999999999999 61.480000000000004 63.13999999999999 64.8 66.45999999999999 68.12
Na2SO4.MgSO4.4H2O_Y  0.3433 0.3433 0.3433 0.3433 0.3433 0.3433 0.3433 0.3433 0.3433 0.3433 0.3433 0.3433 0.3433 0.3433 0.3433 0.3433 0.3433 0.3433 0.3433 0.3433 0.3433 0.3433 0.3433 0.3433 0.3433 0.3136 0.298 0.2702 0.2446 0.2035 0.1302

KNO3_X  15.0 16.66 18.32 19.98 21.64 23.3 24.959999999999997 26.619999999999997 28.28 29.94 31.6 33.26 34.92 36.58 38.24 39.900000000000006 41.56 43.22 44.879999999999995 46.54 48.199999999999996 49.86 51.519999999999996 53.18000000000001 54.84 56.49999999999999 58.160000000000004 59.81999999999999 61.480000000000004
KNO3_Y  0.3915 0.3915 0.4034 0.4034 0.4034 0.4034 0.4034 0.4034 0.4034 0.4034 0.4034 0.4034 0.4034 0.4034 0.4034 0.4034 0.4034 0.4034 0.4034 0.4034 0.4034 0.4034 0.4034 0.4034 0.4034 0.4034 0.4034 0.342 0.3155

NaNO3_X  15.0 16.66 18.32 19.98 21.64 23.3 24.959999999999997 26.619999999999997 28.28 29.94 31.6 33.26 34.92 36.58 38.24 39.900000000000006 41.56 43.22 44.879999999999995 46.54 48.199999999999996 49.86 51.519999999999996 53.18000000000001 54.84 56.49999999999999 58.160000000000004 59.81999999999999
NaNO3_Y  0.4451 0.4451 0.457 0.457 0.457 0.457 0.457 0.457 0.457 0.457 0.457 0.457 0.457 0.457 0.457 0.457 0.457 0.457 0.457 0.457 0.457 0.457 0.457 0.457 0.457 0.457 0.457 0.3452

MgSO4.4H2O_X  28.28 29.94 31.6 33.26 34.92 36.58 38.24 39.900000000000006 41.56 43.22 44.879999999999995 46.54 48.199999999999996 49.86 51.519999999999996 53.18000000000001 54.84 56.49999999999999 58.160000000000004
MgSO4.4H2O_Y  0.4821 0.4821 0.4821 0.4821 0.4821 0.4821 0.4821 0.4821 0.4821 0.4821 0.4821 0.4821 0.4821 0.4821 0.4821 0.4821 0.4821 0.4821 0.4821

MgSO4.1H2O_X  15.0 16.66 18.32 19.98 21.64 23.3 24.959999999999997 26.619999999999997
MgSO4.1H2O_Y  0.4821 0.4821 0.4821 0.4821 0.4821 0.4821 0.4821 0.4821

Na2SO4_X  15.0 16.66
Na2SO4_Y  0.494 0.494

